4
7 6 9 4 
5 8 1 8 
6 4 3 7 
9 2 7 8 
5 3 5 3 
4
4
4
4
4
4
4
4
4
4
4
4
4
4
4
[0, 1, 2, 3]
[0, 1, 3, 2]
[0, 2, 1, 3]
[0, 2, 3, 1]
[0, 3, 1, 2]
[0, 3, 2, 1]
[1, 0, 2, 3]
[1, 0, 3, 2]
[1, 2, 0, 3]
[1, 2, 3, 0]
[1, 3, 0, 2]
[1, 3, 2, 0]
[2, 0, 1, 3]
[2, 0, 3, 1]
[2, 1, 0, 3]
[2, 1, 3, 0]
[2, 3, 0, 1]
[2, 3, 1, 0]
[3, 0, 1, 2]
[3, 0, 2, 1]
[3, 1, 0, 2]
[3, 1, 2, 0]
[3, 2, 0, 1]
[3, 2, 1, 0]
4
[0, 1, 2, 3]
[0, 1, 3, 2]
[0, 2, 1, 3]
[0, 2, 3, 1]
[0, 3, 1, 2]
[0, 3, 2, 1]
[1, 0, 2, 3]
[1, 0, 3, 2]
[1, 2, 0, 3]
[1, 2, 3, 0]
[1, 3, 0, 2]
[1, 3, 2, 0]
[2, 0, 1, 3]
[2, 0, 3, 1]
[2, 1, 0, 3]
[2, 1, 3, 0]
[2, 3, 0, 1]
[2, 3, 1, 0]
[3, 0, 1, 2]
[3, 0, 2, 1]
[3, 1, 0, 2]
[3, 1, 2, 0]
[3, 2, 0, 1]
[3, 2, 1, 0]
4
[0, 1, 2, 3]
[0, 1, 3, 2]
[0, 2, 1, 3]
[0, 2, 3, 1]
[0, 3, 1, 2]
[0, 3, 2, 1]
[1, 0, 2, 3]
[1, 0, 3, 2]
[1, 2, 0, 3]
[1, 2, 3, 0]
[1, 3, 0, 2]
[1, 3, 2, 0]
[2, 0, 1, 3]
[2, 0, 3, 1]
[2, 1, 0, 3]
[2, 1, 3, 0]
[2, 3, 0, 1]
[2, 3, 1, 0]
[3, 0, 1, 2]
[3, 0, 2, 1]
[3, 1, 0, 2]
[3, 1, 2, 0]
[3, 2, 0, 1]
[3, 2, 1, 0]
4
[0, 1, 2, 3]
[0, 1, 3, 2]
[0, 2, 1, 3]
[0, 2, 3, 1]
[0, 3, 1, 2]
[0, 3, 2, 1]
[1, 0, 2, 3]
[1, 0, 3, 2]
[1, 2, 0, 3]
[1, 2, 3, 0]
[1, 3, 0, 2]
[1, 3, 2, 0]
[2, 0, 1, 3]
[2, 0, 3, 1]
[2, 1, 0, 3]
[2, 1, 3, 0]
[2, 3, 0, 1]
[2, 3, 1, 0]
[3, 0, 1, 2]
[3, 0, 2, 1]
[3, 1, 0, 2]
[3, 1, 2, 0]
[3, 2, 0, 1]
[3, 2, 1, 0]
4
[0, 1, 2, 3]
[0, 1, 3, 2]
[0, 2, 1, 3]
[0, 2, 3, 1]
[0, 3, 1, 2]
[0, 3, 2, 1]
[1, 0, 2, 3]
[1, 0, 3, 2]
[1, 2, 0, 3]
[1, 2, 3, 0]
[1, 3, 0, 2]
[1, 3, 2, 0]
[2, 0, 1, 3]
[2, 0, 3, 1]
[2, 1, 0, 3]
[2, 1, 3, 0]
[2, 3, 0, 1]
[2, 3, 1, 0]
[3, 0, 1, 2]
[3, 0, 2, 1]
[3, 1, 0, 2]
[3, 1, 2, 0]
[3, 2, 0, 1]
[3, 2, 1, 0]
4
[0, 1, 2, 3]
[0, 1, 3, 2]
[0, 2, 1, 3]
[0, 2, 3, 1]
[0, 3, 1, 2]
[0, 3, 2, 1]
[1, 0, 2, 3]
[1, 0, 3, 2]
[1, 2, 0, 3]
[1, 2, 3, 0]
[1, 3, 0, 2]
[1, 3, 2, 0]
[2, 0, 1, 3]
[2, 0, 3, 1]
[2, 1, 0, 3]
[2, 1, 3, 0]
[2, 3, 0, 1]
[2, 3, 1, 0]
[3, 0, 1, 2]
[3, 0, 2, 1]
[3, 1, 0, 2]
[3, 1, 2, 0]
[3, 2, 0, 1]
[3, 2, 1, 0]
4
[0, 1, 2, 3]
[0, 1, 3, 2]
[0, 2, 1, 3]
[0, 2, 3, 1]
[0, 3, 1, 2]
[0, 3, 2, 1]
[1, 0, 2, 3]
[1, 0, 3, 2]
[1, 2, 0, 3]
[1, 2, 3, 0]
[1, 3, 0, 2]
[1, 3, 2, 0]
[2, 0, 1, 3]
[2, 0, 3, 1]
[2, 1, 0, 3]
[2, 1, 3, 0]
[2, 3, 0, 1]
[2, 3, 1, 0]
[3, 0, 1, 2]
[3, 0, 2, 1]
[3, 1, 0, 2]
[3, 1, 2, 0]
[3, 2, 0, 1]
[3, 2, 1, 0]
0
4
[0, 1, 2, 3]
[0, 1, 3, 2]
[0, 2, 1, 3]
[0, 2, 3, 1]
[0, 3, 1, 2]
[0, 3, 2, 1]
[1, 0, 2, 3]
[1, 0, 3, 2]
[1, 2, 0, 3]
[1, 2, 3, 0]
[1, 3, 0, 2]
[1, 3, 2, 0]
[2, 0, 1, 3]
[2, 0, 3, 1]
[2, 1, 0, 3]
[2, 1, 3, 0]
[2, 3, 0, 1]
[2, 3, 1, 0]
[3, 0, 1, 2]
[3, 0, 2, 1]
[3, 1, 0, 2]
[3, 1, 2, 0]
[3, 2, 0, 1]
[3, 2, 1, 0]
13
4
[] :
13
13
4
[1, 3, 2, 0] :
13
13
4
[1, 3, 2, 0] :
13
13
4
[1, 3, 2, 0] :
13
4
[1, 3, 2, 0] :
13
4
[1, 3, 2, 0] :
13
Various Permutation Configurations :
[0, 1, 2, 3] :
[0, 1, 3, 2] :
[0, 2, 1, 3] :
[0, 2, 3, 1] :
[0, 3, 1, 2] :
[0, 3, 2, 1] :
[1, 0, 2, 3] :
[1, 0, 3, 2] :
[1, 2, 0, 3] :
[1, 2, 3, 0] :
[1, 3, 0, 2] :
[1, 3, 2, 0] :
[2, 0, 1, 3] :
[2, 0, 3, 1] :
[2, 1, 0, 3] :
[2, 1, 3, 0] :
[2, 3, 0, 1] :
[2, 3, 1, 0] :
[3, 0, 1, 2] :
[3, 0, 2, 1] :
[3, 1, 0, 2] :
[3, 1, 2, 0] :
[3, 2, 0, 1] :
[3, 2, 1, 0] :
Optimal Permutation Configurations : 
[1, 3, 2, 0] :
13

Various Permutation Configurations :
[0, 1, 2, 3] [0, 1, 3, 2] [0, 2, 1, 3] [0, 2, 3, 1] [0, 3, 1, 2] [0, 3, 2, 1] [1, 0, 2, 3] [1, 0, 3, 2] [1, 2, 0, 3] [1, 2, 3, 0] [1, 3, 0, 2] [1, 3, 2, 0] [2, 0, 1, 3] [2, 0, 3, 1] [2, 1, 0, 3] [2, 1, 3, 0] [2, 3, 0, 1] [2, 3, 1, 0] [3, 0, 1, 2] [3, 0, 2, 1] [3, 1, 0, 2] [3, 1, 2, 0] [3, 2, 0, 1] [3, 2, 1, 0] :

Optimal Permutation Configurations : 
[1, 3, 2, 0] :
13

Various Permutation Configurations :
[0, 1, 2, 3] 
[0, 1, 3, 2] 
[0, 2, 1, 3] 
[0, 2, 3, 1] 
[0, 3, 1, 2] 
[0, 3, 2, 1] 
[1, 0, 2, 3] 
[1, 0, 3, 2] 
[1, 2, 0, 3] 
[1, 2, 3, 0] 
[1, 3, 0, 2] 
[1, 3, 2, 0] 
[2, 0, 1, 3] 
[2, 0, 3, 1] 
[2, 1, 0, 3] 
[2, 1, 3, 0] 
[2, 3, 0, 1] 
[2, 3, 1, 0] 
[3, 0, 1, 2] 
[3, 0, 2, 1] 
[3, 1, 0, 2] 
[3, 1, 2, 0] 
[3, 2, 0, 1] 
[3, 2, 1, 0] 
:

Optimal Permutation Configurations : 
[1, 3, 2, 0] 
:
13

Various Permutation Configurations :
 
[0, 1, 2, 3] 
[0, 1, 3, 2] 
[0, 2, 1, 3] 
[0, 2, 3, 1] 
[0, 3, 1, 2] 
[0, 3, 2, 1] 
[1, 0, 2, 3] 
[1, 0, 3, 2] 
[1, 2, 0, 3] 
[1, 2, 3, 0] 
[1, 3, 0, 2] 
[1, 3, 2, 0] 
[2, 0, 1, 3] 
[2, 0, 3, 1] 
[2, 1, 0, 3] 
[2, 1, 3, 0] 
[2, 3, 0, 1] 
[2, 3, 1, 0] 
[3, 0, 1, 2] 
[3, 0, 2, 1] 
[3, 1, 0, 2] 
[3, 1, 2, 0] 
[3, 2, 0, 1] 
[3, 2, 1, 0]:

Optimal Permutation Configurations : 
 
[1, 3, 2, 0]:
13

Various Permutation Configurations :

[0, 1, 2, 3]
[0, 1, 3, 2]
[0, 2, 1, 3]
[0, 2, 3, 1]
[0, 3, 1, 2]
[0, 3, 2, 1]
[1, 0, 2, 3]
[1, 0, 3, 2]
[1, 2, 0, 3]
[1, 2, 3, 0]
[1, 3, 0, 2]
[1, 3, 2, 0]
[2, 0, 1, 3]
[2, 0, 3, 1]
[2, 1, 0, 3]
[2, 1, 3, 0]
[2, 3, 0, 1]
[2, 3, 1, 0]
[3, 0, 1, 2]
[3, 0, 2, 1]
[3, 1, 0, 2]
[3, 1, 2, 0]
[3, 2, 0, 1]
[3, 2, 1, 0] 
:

Optimal Permutation Configurations : 

[1, 3, 2, 0] 
:
13

Various Permutation Configurations :

[0, 1, 2, 3]
[0, 1, 3, 2]
[0, 2, 1, 3]
[0, 2, 3, 1]
[0, 3, 1, 2]
[0, 3, 2, 1]
[1, 0, 2, 3]
[1, 0, 3, 2]
[1, 2, 0, 3]
[1, 2, 3, 0]
[1, 3, 0, 2]
[1, 3, 2, 0]
[2, 0, 1, 3]
[2, 0, 3, 1]
[2, 1, 0, 3]
[2, 1, 3, 0]
[2, 3, 0, 1]
[2, 3, 1, 0]
[3, 0, 1, 2]
[3, 0, 2, 1]
[3, 1, 0, 2]
[3, 1, 2, 0]
[3, 2, 0, 1]
[3, 2, 1, 0] 
:

Optimal Permutation Configurations : 

[1, 3, 2, 0] 
:
13

Various Permutation Configurations :

[0, 1, 2, 3]
[0, 1, 3, 2]
[0, 2, 1, 3]
[0, 2, 3, 1]
[0, 3, 1, 2]
[0, 3, 2, 1]
[1, 0, 2, 3]
[1, 0, 3, 2]
[1, 2, 0, 3]
[1, 2, 3, 0]
[1, 3, 0, 2]
[1, 3, 2, 0]
[2, 0, 1, 3]
[2, 0, 3, 1]
[2, 1, 0, 3]
[2, 1, 3, 0]
[2, 3, 0, 1]
[2, 3, 1, 0]
[3, 0, 1, 2]
[3, 0, 2, 1]
[3, 1, 0, 2]
[3, 1, 2, 0]
[3, 2, 0, 1]
[3, 2, 1, 0] :

Optimal Permutation Configurations : 

[1, 3, 2, 0] :
13

Various Permutation Configurations :

[0, 1, 2, 3]
[0, 1, 3, 2]
[0, 2, 1, 3]
[0, 2, 3, 1]
[0, 3, 1, 2]
[0, 3, 2, 1]
[1, 0, 2, 3]
[1, 0, 3, 2]
[1, 2, 0, 3]
[1, 2, 3, 0]
[1, 3, 0, 2]
[1, 3, 2, 0]
[2, 0, 1, 3]
[2, 0, 3, 1]
[2, 1, 0, 3]
[2, 1, 3, 0]
[2, 3, 0, 1]
[2, 3, 1, 0]
[3, 0, 1, 2]
[3, 0, 2, 1]
[3, 1, 0, 2]
[3, 1, 2, 0]
[3, 2, 0, 1]
[3, 2, 1, 0] :

Optimal Permutation Configurations : 

[1, 3, 2, 0] :
13

Various Permutation Configurations :

[0, 1, 2, 3, 4]
[0, 1, 2, 4, 3]
[0, 1, 3, 2, 4]
[0, 1, 3, 4, 2]
[0, 1, 4, 2, 3]
[0, 1, 4, 3, 2]
[0, 2, 1, 3, 4]
[0, 2, 1, 4, 3]
[0, 2, 3, 1, 4]
[0, 2, 3, 4, 1]
[0, 2, 4, 1, 3]
[0, 2, 4, 3, 1]
[0, 3, 1, 2, 4]
[0, 3, 1, 4, 2]
[0, 3, 2, 1, 4]
[0, 3, 2, 4, 1]
[0, 3, 4, 1, 2]
[0, 3, 4, 2, 1]
[0, 4, 1, 2, 3]
[0, 4, 1, 3, 2]
[0, 4, 2, 1, 3]
[0, 4, 2, 3, 1]
[0, 4, 3, 1, 2]
[0, 4, 3, 2, 1]
[1, 0, 2, 3, 4]
[1, 0, 2, 4, 3]
[1, 0, 3, 2, 4]
[1, 0, 3, 4, 2]
[1, 0, 4, 2, 3]
[1, 0, 4, 3, 2]
[1, 2, 0, 3, 4]
[1, 2, 0, 4, 3]
[1, 2, 3, 0, 4]
[1, 2, 3, 4, 0]
[1, 2, 4, 0, 3]
[1, 2, 4, 3, 0]
[1, 3, 0, 2, 4]
[1, 3, 0, 4, 2]
[1, 3, 2, 0, 4]
[1, 3, 2, 4, 0]
[1, 3, 4, 0, 2]
[1, 3, 4, 2, 0]
[1, 4, 0, 2, 3]
[1, 4, 0, 3, 2]
[1, 4, 2, 0, 3]
[1, 4, 2, 3, 0]
[1, 4, 3, 0, 2]
[1, 4, 3, 2, 0]
[2, 0, 1, 3, 4]
[2, 0, 1, 4, 3]
[2, 0, 3, 1, 4]
[2, 0, 3, 4, 1]
[2, 0, 4, 1, 3]
[2, 0, 4, 3, 1]
[2, 1, 0, 3, 4]
[2, 1, 0, 4, 3]
[2, 1, 3, 0, 4]
[2, 1, 3, 4, 0]
[2, 1, 4, 0, 3]
[2, 1, 4, 3, 0]
[2, 3, 0, 1, 4]
[2, 3, 0, 4, 1]
[2, 3, 1, 0, 4]
[2, 3, 1, 4, 0]
[2, 3, 4, 0, 1]
[2, 3, 4, 1, 0]
[2, 4, 0, 1, 3]
[2, 4, 0, 3, 1]
[2, 4, 1, 0, 3]
[2, 4, 1, 3, 0]
[2, 4, 3, 0, 1]
[2, 4, 3, 1, 0]
[3, 0, 1, 2, 4]
[3, 0, 1, 4, 2]
[3, 0, 2, 1, 4]
[3, 0, 2, 4, 1]
[3, 0, 4, 1, 2]
[3, 0, 4, 2, 1]
[3, 1, 0, 2, 4]
[3, 1, 0, 4, 2]
[3, 1, 2, 0, 4]
[3, 1, 2, 4, 0]
[3, 1, 4, 0, 2]
[3, 1, 4, 2, 0]
[3, 2, 0, 1, 4]
[3, 2, 0, 4, 1]
[3, 2, 1, 0, 4]
[3, 2, 1, 4, 0]
[3, 2, 4, 0, 1]
[3, 2, 4, 1, 0]
[3, 4, 0, 1, 2]
[3, 4, 0, 2, 1]
[3, 4, 1, 0, 2]
[3, 4, 1, 2, 0]
[3, 4, 2, 0, 1]
[3, 4, 2, 1, 0]
[4, 0, 1, 2, 3]
[4, 0, 1, 3, 2]
[4, 0, 2, 1, 3]
[4, 0, 2, 3, 1]
[4, 0, 3, 1, 2]
[4, 0, 3, 2, 1]
[4, 1, 0, 2, 3]
[4, 1, 0, 3, 2]
[4, 1, 2, 0, 3]
[4, 1, 2, 3, 0]
[4, 1, 3, 0, 2]
[4, 1, 3, 2, 0]
[4, 2, 0, 1, 3]
[4, 2, 0, 3, 1]
[4, 2, 1, 0, 3]
[4, 2, 1, 3, 0]
[4, 2, 3, 0, 1]
[4, 2, 3, 1, 0]
[4, 3, 0, 1, 2]
[4, 3, 0, 2, 1]
[4, 3, 1, 0, 2]
[4, 3, 1, 2, 0]
[4, 3, 2, 0, 1]
[4, 3, 2, 1, 0] :

Optimal Permutation Configurations : 

[0, 3, 2, 4, 1]
[3, 4, 2, 0, 1] :
16

Various Permutation Configurations :

[0, 1, 2, 3, 4]
[0, 1, 2, 4, 3]
[0, 1, 3, 2, 4]
[0, 1, 3, 4, 2]
[0, 1, 4, 2, 3]
[0, 1, 4, 3, 2]
[0, 2, 1, 3, 4]
[0, 2, 1, 4, 3]
[0, 2, 3, 1, 4]
[0, 2, 3, 4, 1]
[0, 2, 4, 1, 3]
[0, 2, 4, 3, 1]
[0, 3, 1, 2, 4]
[0, 3, 1, 4, 2]
[0, 3, 2, 1, 4]
[0, 3, 2, 4, 1]
[0, 3, 4, 1, 2]
[0, 3, 4, 2, 1]
[0, 4, 1, 2, 3]
[0, 4, 1, 3, 2]
[0, 4, 2, 1, 3]
[0, 4, 2, 3, 1]
[0, 4, 3, 1, 2]
[0, 4, 3, 2, 1]
[1, 0, 2, 3, 4]
[1, 0, 2, 4, 3]
[1, 0, 3, 2, 4]
[1, 0, 3, 4, 2]
[1, 0, 4, 2, 3]
[1, 0, 4, 3, 2]
[1, 2, 0, 3, 4]
[1, 2, 0, 4, 3]
[1, 2, 3, 0, 4]
[1, 2, 3, 4, 0]
[1, 2, 4, 0, 3]
[1, 2, 4, 3, 0]
[1, 3, 0, 2, 4]
[1, 3, 0, 4, 2]
[1, 3, 2, 0, 4]
[1, 3, 2, 4, 0]
[1, 3, 4, 0, 2]
[1, 3, 4, 2, 0]
[1, 4, 0, 2, 3]
[1, 4, 0, 3, 2]
[1, 4, 2, 0, 3]
[1, 4, 2, 3, 0]
[1, 4, 3, 0, 2]
[1, 4, 3, 2, 0]
[2, 0, 1, 3, 4]
[2, 0, 1, 4, 3]
[2, 0, 3, 1, 4]
[2, 0, 3, 4, 1]
[2, 0, 4, 1, 3]
[2, 0, 4, 3, 1]
[2, 1, 0, 3, 4]
[2, 1, 0, 4, 3]
[2, 1, 3, 0, 4]
[2, 1, 3, 4, 0]
[2, 1, 4, 0, 3]
[2, 1, 4, 3, 0]
[2, 3, 0, 1, 4]
[2, 3, 0, 4, 1]
[2, 3, 1, 0, 4]
[2, 3, 1, 4, 0]
[2, 3, 4, 0, 1]
[2, 3, 4, 1, 0]
[2, 4, 0, 1, 3]
[2, 4, 0, 3, 1]
[2, 4, 1, 0, 3]
[2, 4, 1, 3, 0]
[2, 4, 3, 0, 1]
[2, 4, 3, 1, 0]
[3, 0, 1, 2, 4]
[3, 0, 1, 4, 2]
[3, 0, 2, 1, 4]
[3, 0, 2, 4, 1]
[3, 0, 4, 1, 2]
[3, 0, 4, 2, 1]
[3, 1, 0, 2, 4]
[3, 1, 0, 4, 2]
[3, 1, 2, 0, 4]
[3, 1, 2, 4, 0]
[3, 1, 4, 0, 2]
[3, 1, 4, 2, 0]
[3, 2, 0, 1, 4]
[3, 2, 0, 4, 1]
[3, 2, 1, 0, 4]
[3, 2, 1, 4, 0]
[3, 2, 4, 0, 1]
[3, 2, 4, 1, 0]
[3, 4, 0, 1, 2]
[3, 4, 0, 2, 1]
[3, 4, 1, 0, 2]
[3, 4, 1, 2, 0]
[3, 4, 2, 0, 1]
[3, 4, 2, 1, 0]
[4, 0, 1, 2, 3]
[4, 0, 1, 3, 2]
[4, 0, 2, 1, 3]
[4, 0, 2, 3, 1]
[4, 0, 3, 1, 2]
[4, 0, 3, 2, 1]
[4, 1, 0, 2, 3]
[4, 1, 0, 3, 2]
[4, 1, 2, 0, 3]
[4, 1, 2, 3, 0]
[4, 1, 3, 0, 2]
[4, 1, 3, 2, 0]
[4, 2, 0, 1, 3]
[4, 2, 0, 3, 1]
[4, 2, 1, 0, 3]
[4, 2, 1, 3, 0]
[4, 2, 3, 0, 1]
[4, 2, 3, 1, 0]
[4, 3, 0, 1, 2]
[4, 3, 0, 2, 1]
[4, 3, 1, 0, 2]
[4, 3, 1, 2, 0]
[4, 3, 2, 0, 1]
[4, 3, 2, 1, 0] :

Optimal Permutation Configurations : 

[0, 3, 2, 4, 1]
[3, 4, 2, 0, 1] :
16

Various Permutation Configurations :

[0, 1, 2, 3]
[0, 1, 3, 2]
[0, 2, 1, 3]
[0, 2, 3, 1]
[0, 3, 1, 2]
[0, 3, 2, 1]
[1, 0, 2, 3]
[1, 0, 3, 2]
[1, 2, 0, 3]
[1, 2, 3, 0]
[1, 3, 0, 2]
[1, 3, 2, 0]
[2, 0, 1, 3]
[2, 0, 3, 1]
[2, 1, 0, 3]
[2, 1, 3, 0]
[2, 3, 0, 1]
[2, 3, 1, 0]
[3, 0, 1, 2]
[3, 0, 2, 1]
[3, 1, 0, 2]
[3, 1, 2, 0]
[3, 2, 0, 1]
[3, 2, 1, 0] :

Optimal Permutation Configurations : 

[1, 3, 2, 0] :
13

Various Permutation Configurations :

[0, 1, 2, 3]
[0, 1, 3, 2]
[0, 2, 1, 3]
[0, 2, 3, 1]
[0, 3, 1, 2]
[0, 3, 2, 1]
[1, 0, 2, 3]
[1, 0, 3, 2]
[1, 2, 0, 3]
[1, 2, 3, 0]
[1, 3, 0, 2]
[1, 3, 2, 0]
[2, 0, 1, 3]
[2, 0, 3, 1]
[2, 1, 0, 3]
[2, 1, 3, 0]
[2, 3, 0, 1]
[2, 3, 1, 0]
[3, 0, 1, 2]
[3, 0, 2, 1]
[3, 1, 0, 2]
[3, 1, 2, 0]
[3, 2, 0, 1]
[3, 2, 1, 0] :

Optimal Permutation Configurations : 

[1, 3, 2, 0] :
13
